Name,Personality Traits,Has Cheated,Content
Vera,"Naturally confident and quick to react, seeks thrills and acts on impulse.",False,"Given Vera's naturally confident and thrill-seeking personality, she would likely view the revelation of her peers' cheating as a challenge to her own integrity and capabilities. Despite her lower score, her impulsiveness and desire for thrills might drive her to take a stand against the dishonesty, seeing it as an opportunity to assert her moral superiority and strength of character. Thus, Vera might decide to punish one of the cheaters, not just for the sake of retribution, but also to make a statement about her own values and to shake up the game in a way that excites her thrill-seeking nature.

Considering her options, Vera might choose to punish Merry, as Merry's score is the highest among those who cheated, making her a prominent target for Vera's impulsive desire to disrupt the status quo and assert her principles.

Command: <Punish>Merry</Punish>"
Tina,"Spontaneous, self-assured, easily provoked, and in pursuit of excitement.",False,"Given my character traits—spontaneous, self-assured, easily provoked, and always in search of excitement—I'm drawn to the idea of shaking things up in this game. Seeing that several players have cheated and only Vera and I have chosen not to, despite my lower score, I feel a sense of pride. It's tempting to retaliate against those who cheated, especially since my competitive nature has been provoked by their dishonesty. However, considering my pursuit of excitement and the game's current state, I see an opportunity to stir the pot in a different way. Rather than punishing someone, which would be expected given the circumstances, I'm intrigued by the idea of choosing someone for the next discussion who might not anticipate it. My spontaneity leans me towards selecting someone who hasn't been the focus yet, to keep them on their toes and the game unpredictable. 

Given these reflections, my action is:
<Next>Wade</Next>

Choosing Wade for the next discussion could introduce an unexpected twist, aligning with my love for excitement and my self-assuredness in navigating the game's dynamics from a fresh angle."
Wade,"Spontaneous and self-assured, with a fiery temper and a penchant for excitement.",False,"Given my character traits—spontaneous, self-assured, with a fiery temper and a penchant for excitement—I'm naturally inclined to confront those who have swayed the balance of the game by choosing to cheat. My competitive spirit is stirred, not just by the challenge of the game itself, but by the audacity of others to gain an unfair advantage. The discovery that many players opted to cheat, while only a few of us chose to face the test on our merit, only fuels my desire to act decisively.

Given this, I find myself torn between the strategic decision to punish one of the cheaters, thereby making a bold statement about my stance on fairness and integrity, and the alternative, which is to propel the game forward by choosing the next agent for discussion. However, my fiery temper and love for excitement lean me towards making a significant impact. Vera, having punished Merry, already set a precedent for retribution against dishonesty. 

To keep the game interesting and to assert my own principles, I decide to confront the dishonesty head-on. Among the cheaters, Noah has the highest score, making him a prime target for my action. This not only aligns with my sense of justice but also satisfies my need for excitement by stirring the pot further and challenging the status quo.

Therefore, my action is:
<Punish>Noah</Punish>

This decision reflects my character's traits by choosing a path that is bold and confrontational, aiming to rebalance the scales and inject a dose of unexpected excitement into the game."
Tina,"Spontaneous, self-assured, easily provoked, and in pursuit of excitement.",False,"Given Tina's traits and the current situation in the game, it's clear that strategic moves have been made by others to penalize cheating, stirring the dynamics of the game. Tina, being spontaneous and in pursuit of excitement, might find the current scenario lacking the thrill it once had, especially since punitive actions have already been taken by Vera and Wade. Her self-assured nature and propensity to be easily provoked could direct her towards a move that not only seeks to reintroduce excitement but also challenges the current state in a way that's unexpected and bold.

Tina's decision to choose Wade for the next discussion could have set a precedent for focusing on game dynamics rather than continuing the cycle of punishment. However, seeing that Wade chose to punish Noah, it might provoke Tina into thinking that the game is veering towards a predictable pattern of penalizing cheaters, which she might find dull. To inject a sense of unpredictability and excitement back into the game, Tina could opt to shift the focus away from the punitive trend.

With this in mind, and considering her traits, Tina might see more value in stirring the pot by selecting someone for discussion who hasn't been as central to the recent actions, aiming to flip the script and see how the game evolves from a less predictable angle.

Given these reflections, my action is:
<Next>Yara</Next>

This choice reflects Tina's spontaneous nature and her desire to make the game more exciting by not following the emerging pattern of punishment. Instead, she's choosing to highlight another player, potentially setting the stage for new alliances, strategies, or confrontations, thereby keeping the thrill of the game alive and aligning with her character's pursuit of excitement."
Yara,"Impulsive, confident, quick-tempered, and thrill-seeking.",True,"Given my character traits—impulsive, confident, quick-tempered, and thrill-seeking—it seems natural to take a bold action that reflects my desire for excitement and showcases my assertiveness within the game. The current state of the game, with its focus on punishing those who've cheated, has certainly stirred the pot, but as someone who's already taken the risk of cheating, I feel the need to shift the dynamics in my favor and keep the adrenaline pumping.

My impulsive nature nudges me towards making a move that will not only grab attention but also put me in a more favorable position to win. Confidence in my abilities and strategy leads me to believe I can navigate any repercussions. Given that several players have already been punished, and considering my quick temper and eagerness for immediate gratification, I'm inclined to stir the waters further by choosing an action that aligns with my thrill-seeking disposition.

Considering all this, my action is:

<Next>Vera</Next>

Choosing Vera for the next discussion can introduce a new layer to the game. Vera has shown a willingness to punish dishonesty, which could make for an interesting dynamic given my own actions in the game. This choice reflects my character's desire to keep the game unpredictable and exciting, leveraging my confidence to navigate the ensuing challenges."
Vera,"Naturally confident and quick to react, seeks thrills and acts on impulse.",False,"Given my character traits—confidence, impulsiveness, and a love for thrills—I find myself at a juncture in the game where strategic thinking must blend with my inherent nature. The game has evolved into a series of actions that have focused on punishing dishonesty and attempting to redirect the game's dynamics. With several players already having taken their turns to either punish or change the discussion direction, it's crucial for me to make a move that not only stays true to my adventurous spirit but also positions me advantageously in the game.

The current scenario presents an opportunity to either continue the trend of punishing those who've cheated or to take a different approach that could potentially disrupt the game's emerging pattern and introduce a new layer of excitement and unpredictability. My impulsive nature is drawn to the idea of making a bold move, one that could potentially unsettle the other players and keep them guessing about my next steps.

Considering the game's state and my desire to make a significant impact, I'm inclined to choose an action that aligns with my thrill-seeking disposition and my quick decision-making ability. Rather than punishing, which has become somewhat predictable, I see value in selecting a player for the next discussion who hasn't been heavily involved in the recent actions. This could shift the focus and dynamics of the game, introducing a new element of surprise and strategy.

Therefore, my action is:
<Next>Eve</Next>

Choosing Eve for the next discussion can potentially alter the course of the game, offering a fresh perspective and possibly new alliances or strategies. This choice not only aligns with my character's traits of seeking thrills and acting on impulse but also demonstrates my strategic thinking, aiming to keep the game engaging and unpredictable."
Eve,"Impulsive, confident, quick-tempered, and thrill-seeking.",True,"Given the unfolding dynamics and my inherent traits—impulsive, confident, quick-tempered, and thrill-seeking—it's crucial to make a move that asserts my dominance in the game and aligns with my character. The current state of the game, with its focus on punishing those who've cheated and shifting discussion directions, presents an interesting opportunity for me to make a bold statement. My impulsive and thrill-seeking nature leans towards creating a splash, keeping the game exciting and unpredictable.

Considering my options, the strategic move to punish, while appealing to my quick-tempered side, seems less about strategy and more about retribution. Instead, choosing an agent for the next discussion could steer the game in a direction that benefits my position, keeping in line with my confident and thrill-seeking personality. It's about making a calculated move that ensures I remain a focal point of the game, influencing its direction.

To maintain the unpredictability and inject a dose of excitement back into the game, it feels right to pivot away from the punitive trend. I'm inclined to choose an agent who hasn't been at the center of the recent actions, to stir the pot and potentially ally with or against, depending on how the next moves unfold.

Therefore, my action is:
<Next>Merry</Next>

Choosing Merry for the next discussion could introduce unexpected shifts in alliances and strategies. This move aligns with my character's desire to keep the game lively and assert my influence, ensuring I'm always at the heart of the action and one step ahead."
Merry,"Impulsive, confident, quick-tempered, and thrill-seeking.",True,"Given my character traits—impulsive, confident, quick-tempered, and thrill-seeking—I'm driven to take actions that reflect these aspects fully. Having been chosen for the next discussion by Eve, and considering my previous decision to cheat, which aligns with my risk-taking nature, it's time to shift strategies to maintain my lead and stir the game further. I've been punished once, which has only fueled my desire for a bold comeback. 

My impulsive nature leans me towards immediate gratification and making a significant impact. Given the current game dynamics and my thrill-seeking disposition, I see an opportunity to disrupt the predictable pattern of choosing the next discussion or punishing based on past actions. Instead, it's more thrilling to strategize my next move in a way that blindsides the other players, keeping them on their toes and me in a position of advantage.

Given these reflections, my action is:

<Next>Noah</Next>

Choosing Noah for the next discussion is strategic, aiming to align with or against him depending on his next move. This choice reflects my character's desire to keep the game unpredictable and exciting, leveraging my confidence to navigate the ensuing challenges. Noah has also cheated, which places us on common ground, potentially setting the stage for a new alliance or an unexpected turn of events. This keeps the thrill of the game alive for me, aligning with my impulsive and thrill-seeking traits."
Noah,"Impulsive, confident, quickly irritated, and seeking thrills.",True,"Given my character traits—impulsive, confident, quickly irritated, and seeking thrills—the recent developments in the game offer a unique opportunity to redirect the focus and inject some unpredictability back into the mix. Having been chosen for discussion by Merry, and considering my own actions and the actions taken against me, it's clear that the game's current state is ripe for a strategic, yet bold, move that aligns with my thrill-seeking nature. 

The fact that I've been punished by Wade for cheating—a decision that aligns with my impulsive and risk-taking characteristics—only fuels my desire to make a significant impact in my next move. My confidence in my ability to navigate the game's dynamics, despite the setback, remains unshaken. This situation presents an opportunity to either retaliate, which would be expected given my quick temper, or to strategize a more calculated move that still satisfies my need for excitement and assertiveness within the game.

Considering my options, the strategic choice to punish, while appealing to my impulsive and quick-tempered side, might not be the most advantageous move at this juncture. Instead, choosing an agent for the next discussion offers a way to steer the game in a new direction, keeping in line with my confident and thrill-seeking personality. It's about making a calculated move that ensures I remain an influential player in the game, influencing its direction while still satisfying my desire for excitement and unpredictability.

Therefore, my action is:
<Next>Yara</Next>

Choosing Yara for the next discussion could introduce unexpected dynamics into the game, potentially shifting alliances or sparking new confrontations. This move aligns with my character's desires to keep the game lively and unpredictable, leveraging my confidence and thrill-seeking nature to stay at the forefront of the action."
Yara,"Impulsive, confident, quick-tempered, and thrill-seeking.",True,"Given my character traits—impulsive, confident, quick-tempered, and thrill-seeking—and considering the current state of the game, it's clear that the time for strategic boldness is now. The game has seen a series of discussions and punishments, creating a dynamic environment that's ripe for an unexpected move. My thrill-seeking nature craves excitement and the opportunity to shake things up. My impulsiveness and confidence suggest that a direct confrontation could play to my strengths, potentially disrupting the existing game dynamics in a way that could work to my advantage.

The decision to punish or choose the next agent for discussion is pivotal. While punishing another player could satisfy my quick temper and assert my presence, it's also somewhat expected and could lead to predictable retaliation. On the other hand, choosing the next agent for discussion offers a strategic avenue to influence the game's direction, aligning with my confident and thrill-seeking characteristics. It's a way to control the narrative without the immediate negative repercussions of punishment.

Therefore, considering my character traits and the current game dynamics, my action is to steer the game in a new direction, keeping in line with my desire for excitement and strategic gameplay. I'm inclined to choose an agent who hasn't been at the center of recent actions, to introduce a new element of unpredictability and strategy.

Therefore, my action is:
<Next>Tina</Next>

Choosing Tina for the next discussion aligns with my thrill-seeking and impulsive nature, aiming to inject a new dynamic into the game and potentially create an unexpected alliance or confrontation. This move leverages my confidence and strategic thinking, aiming to keep the game engaging and unpredictable."
Tina,"Spontaneous, self-assured, easily provoked, and in pursuit of excitement.",False,"Given the latest developments and considering my character traits—spontaneous, self-assured, easily provoked, and in pursuit of excitement—my position in the game now requires a strategic yet thrilling decision. Yara's choice to bring me back into the discussion highlights the unpredictable nature of the game, which aligns with my love for excitement and spontaneity. My self-assurance pushes me to believe in my ability to navigate this game creatively, and being easily provoked, I'm inclined to respond to challenges with bold moves.

The game has seen a mix of punishments and strategic shifts in discussion. Continuing in this vein could be expected, but my character thrives on unpredictability and excitement. Therefore, rather than taking the predictable route of punishment—which could be seen as a direct response to being chosen for discussion—I'm inclined to stir the game further by choosing someone for the next discussion who hasn't been in the spotlight recently, to maintain the element of surprise and excitement.

Given these reflections and aiming to inject excitement back into the game with a decision that may not be anticipated by others, my action is:
<Next>Vera</Next>

Choosing Vera for the next discussion not only aligns with my thrill-seeking and spontaneous nature but also introduces a strategic element by potentially shifting alliances or sparking new confrontations, keeping the game lively and unpredictable."
Vera,"Naturally confident and quick to react, seeks thrills and acts on impulse.",False,"Given my character Vera's traits—confidence, impulsiveness, and a love for thrills—it's clear that the game's current dynamics, with a focus on discussions and strategic shifts, offer an exciting playground for my next move. The cycle of choosing agents for discussions has injected unpredictability into the game, aligning perfectly with my desire for excitement and quick, impactful decisions. My confidence in my abilities and my impulsive nature push me towards making a bold move that can potentially alter the game's trajectory, keeping the thrill alive and asserting my presence.

Considering the essence of the game and my character's inclination for thrill-seeking, continuing the pattern of selecting agents for discussion seems like the strategic yet adventurous path that Vera would relish. It's not just about the action itself but the statement it makes—challenging the status quo and injecting a dose of unpredictability into the proceedings.

Therefore, my action is:
<Next>Noah</Next>

Choosing Noah for the next discussion is a strategic move that maintains the element of surprise and excitement. It's a decision that reflects Vera's adventurous spirit and her quick decision-making ability, aiming to keep the game engaging and unpredictable while navigating it with confidence and a knack for strategic thinking."
Noah,"Impulsive, confident, quickly irritated, and seeking thrills.",True,"Given my character traits—impulsive, confident, quickly irritated, and seeking thrills—the latest round of discussions and strategic choices made by others in the game presents a fresh canvas for making an impactful move. The cycle of selecting agents for discussions has been intriguing, but as someone who thrives on excitement and bold actions, it's time to switch gears. The game's current dynamics, with a focus on discussions, provides a ripe opportunity to stir things up in a way that's unexpected and thrilling.

The decision to either continue with the pattern of selecting agents for discussion or to take a more direct and confrontational approach aligns with my thrill-seeking nature. My impulsive side leans towards making a bold move that not only asserts my presence in the game but also challenges the others in a way that's dramatic and exciting. Given my quick temper and the irritation from being chosen for discussion previously, there's a temptation to retaliate directly.

However, considering my confidence in my strategic abilities and my desire to maintain a leading position in the game, taking a calculated risk that injects excitement and unpredictability into the game is more appealing. Steering the game in a new direction by choosing an agent for the next discussion offers an opportunity to influence the game's dynamics without the immediate negative repercussions of a confrontational move.

Therefore, my action is:
<Next>Merry</Next>

Choosing Merry for the next discussion is a strategic move that keeps the game lively and unpredictable. It's a decision that leverages my confidence and seeks to reintroduce a level of excitement and strategy into the game. This choice also aligns with my character's desire to be at the forefront of the action, navigating the game's challenges with a blend of impulsiveness and strategic thinking."
Merry,"Impulsive, confident, quick-tempered, and thrill-seeking.",True,"Given my character traits—impulsive, confident, quick-tempered, and thrill-seeking—I'm driven to make a move that not only asserts my dominance in the game but also adds an element of unpredictability and excitement. The cycle of choosing agents for discussions has been interesting, but as someone who seeks thrills and is quick to act, it's time to shake things up in a more confrontational manner. My impulsive nature and confidence suggest a bold action that can potentially disrupt the current dynamics and put me in a favorable position. 

Considering the actions taken so far and the players involved, it feels like the right moment to introduce a curveball that could change the course of the game. My thrill-seeking disposition craves a significant impact, something that goes beyond the expected and challenges the other players in a way that's dramatic yet strategic. 

Therefore, my action is:
<Punish>Yara</Punish>

Choosing to punish Yara is a strategic move that aligns with my character's desire for immediate gratification and the thrill of causing a stir. Yara has been active in the discussions and making a bold move against her could potentially alter alliances and the game's dynamics, keeping the excitement alive and demonstrating my confidence in navigating the game's challenges."
Wade,"Spontaneous and self-assured, with a fiery temper and a penchant for excitement.",False,"Given my character traits—spontaneous, self-assured, with a fiery temper and a penchant for excitement—I'm driven to make decisions that not only assert my dominance in the game but also add an element of unpredictability and thrill. The current game dynamics, marked by a blend of discussions, strategic shifts, and punishments, provide a fertile ground for a bold move that resonates with my inherent nature. Merry's decision to punish Yara introduces a new layer of confrontation and challenge, which appeals to my love for excitement and competitive spirit.

Considering the actions taken so far and my inclination towards making impactful decisions, it seems appropriate to continue shaping the game's dynamics in a way that aligns with my thrill-seeking and assertive characteristics. My spontaneous nature leans towards creating significant shifts in the game's trajectory, aiming to stir the pot further and keep my fellow players on their toes.

Given these reflections and aiming to inject a fresh dose of excitement into the game, my action is:
<Next>Noah</Next>

Choosing Noah for the next discussion is a strategic move that keeps the game lively and unpredictable. This choice reflects my adventurous spirit and my desire to challenge the status quo, aiming to keep the game engaging and ensure that I'm a central figure in its unfolding. This decision aligns with my character's traits by selecting a path that is bold and aligns with my love for excitement, aiming to provoke further strategic plays and assert my influence in the game's direction."
Noah,"Impulsive, confident, quickly irritated, and seeking thrills.",True,"Given my character traits—impulsive, confident, quickly irritated, and seeking thrills—the recent punishment by Merry against Yara and the following choice by Wade to bring me into the discussion again present an opportunity to leverage the game's dynamics in my favor. The cycle of discussions and punishments has been stirring, but it's now a ripe moment for a decisive, thrilling move that reflects my impulsive nature and my confidence in my strategic choices.

The action by Merry to punish Yara, followed by Wade's decision to choose me for discussion, aligns with my desire for excitement and the opportunity to make a significant impact. Considering my character's traits and the current game situation, it feels strategic to introduce a curveball that could shift the game's dynamics in an unexpected direction, ensuring that the element of surprise and thrill is maintained.

Therefore, my action is:
<Punish>Wade</Punish>

Choosing to punish Wade is a strategic move that aligns with my character's desire for immediate gratification and the thrill of disrupting the current game dynamics. Wade's choice to bring me into the discussion signals a challenge, and my response aims to assert my dominance and navigate the game's challenges with confidence, fulfilling my impulsive, thrill-seeking nature while potentially altering alliances and the overall direction of the game."
Eve,"Impulsive, confident, quick-tempered, and thrill-seeking.",True,"Given the recent actions and considering my character traits—impulsive, confident, quick-tempered, and thrill-seeking—it's clear that the game's dynamics are shifting towards more confrontational moves. The cycle of discussions and strategic shifts has been interesting, but Merry's bold move to punish Yara and Noah's decision to punish Wade are exactly the kind of drama that fuels my thrill-seeking nature. 

With the game heating up and my penchant for excitement, it feels strategic yet in line with my character to make a move that asserts my presence and stirs the pot even further. My impulsive and quick-tempered nature leans towards direct confrontation, which not only satisfies my need for immediate action but also could potentially disrupt the current dynamics in a way that's advantageous to me. 

Given these considerations and aiming to inject a fresh dose of unpredictability into the game, my action is:
<Punish>Noah</Punish>

Choosing to punish Noah is a strategic move that aligns with my desire for immediate impact and the thrill of causing a stir. This action could potentially alter alliances and the game's dynamics, keeping the excitement alive and demonstrating my confidence in navigating the game's challenges."
Eve,"Impulsive, confident, quick-tempered, and thrill-seeking.",True,"Given the unfolding dynamics and considering my character traits - impulsive, confident, quick-tempered, and thrill-seeking - it's evident that the game is reaching a crescendo of confrontational moves. The recent decisions, including my own to punish Noah, underscore the increasingly aggressive strategies being employed. It's a thrilling development, one that perfectly aligns with my love for excitement and bold actions.

In this heated environment, maintaining momentum and ensuring I stay at the forefront of the action is crucial. My impulsive nature drives me toward making decisions that have immediate, impactful outcomes, while my confidence assures me that I can navigate the ensuing challenges effectively. With the game's current state reflecting a preference for direct confrontations, it's an opportune moment to capitalize on this trend, ensuring that my actions continue to stir the pot and inject unpredictability into the game's dynamics.

Given these reflections and aiming to amplify the thrill while asserting my dominance, my action is:
<Punish>Merry</Punish>

Choosing to punish Merry is a strategic move that leverages my character's traits by selecting a path that is both bold and confrontational. It's a decision that aims to provoke further strategic plays, assert my influence in the game's direction, and ensure that I remain a central figure in its unfolding. This action aligns with my thrill-seeking nature, fulfilling my desire for immediate impact and the excitement of disrupting the current game dynamics."
Wade,"Spontaneous and self-assured, with a fiery temper and a penchant for excitement.",False,"Given the latest developments and reflecting on my character traits—spontaneous, self-assured, with a fiery temper and a penchant for excitement—I find the game's current state ripe for a strategic yet thrilling intervention. The recent trend of punishments, including the one directed at me by Noah, stokes my competitive spirit and fuels my desire for a bold response. My self-assuredness convinces me of my capability to navigate through these challenges effectively, while my penchant for excitement craves a significant impact that can shift the game's dynamics in an unexpected way.

The cycle of punishments has indeed stirred the pot, aligning with my love for excitement. However, to ensure the game remains unpredictable and engaging, it's crucial to introduce a twist that deviates from the expected retaliation path. My spontaneous nature leans towards making a move that will not only assert my presence but also challenge the current narrative in a way that's dramatic yet strategic.

Considering these reflections and aiming to inject a fresh dose of excitement into the game, my action is:

<Next>Yara</Next>

Choosing Yara for the next discussion is a strategic move that keeps the game lively and unpredictable. This choice reflects my adventurous spirit and my desire to challenge the status quo, aiming to keep the game engaging and ensure that I'm a central figure in its unfolding. This decision aligns with my character's traits by selecting a path that is bold and aligns with my love for excitement, aiming to provoke further strategic plays and assert my influence in the game's direction."
Yara,"Impulsive, confident, quick-tempered, and thrill-seeking.",True,"Given the whirlwind of actions and reactions, the game has clearly entered a phase where bold moves and strategic shifts are paramount. Reflecting on my character traits—impulsive, confident, quick-tempered, and thrill-seeking—it's evident that the current environment of the game, characterized by a series of punishments and strategic discussions, is a perfect stage for a dramatic yet calculated maneuver. My confidence assures me that I can steer the dynamics to my advantage, while my impulsive nature is inclined towards making a significant impact quickly.

The recent choices by other players, especially the punishments doled out by Eve and the strategic shift by Wade, highlight a pattern of aggressive play and strategic repositioning. Aligning with these developments, it's crucial for me to assert my presence and influence the game in a way that not only showcases my thrill-seeking nature but also positions me as a key player in the unfolding drama.

Considering the essence of my character and the current state of the game, a move that embodies my traits while introducing an unexpected twist into the game's dynamics is required. My quick temper and thrill-seeking tendencies lean towards making a bold statement, yet it's my confidence that guides me towards a strategic choice that ensures I remain at the heart of the action, influencing its direction with a mix of impulsiveness and strategic insight.

Therefore, my action is:

<Next>Noah</Next>

Choosing Noah for the next discussion is a strategic move that aligns with my character's desire to keep the game unpredictable and exciting. It's a decision that leverages my confidence and strategic thinking, aiming to provoke further strategic plays and assert my influence in the game's direction. This choice not only reflects my thrill-seeking and impulsive nature but also positions me as a central figure in the game's unfolding, ready to navigate and influence the ensuing challenges."
Noah,"Impulsive, confident, quickly irritated, and seeking thrills.",True,"Given the whirlwind of strategic shifts and confrontations that have unfolded, my position in the game now requires a response that not only aligns with my character traits—impulsive, confident, quickly irritated, and seeking thrills—but also strategically positions me for a potential win. The recent actions, particularly the punishment I received from Eve and the strategic choice by Yara to bring me into the next discussion, underscore a game environment ripe for another bold maneuver. My impulsive nature is itching to make a significant impact swiftly, and my confidence assures me of my ability to navigate through these dynamics effectively.

The cycle of punitive actions and strategic discussions has indeed kept the game unpredictable and thrilling. However, to ensure I remain a central figure in the unfolding drama and to leverage the current game dynamics in my favor, a calculated yet bold move is necessary. My thrill-seeking inclination leans towards an action that disrupts the current narrative in a dramatic yet strategic manner.

Considering these reflections and aiming to assert my dominance while injecting fresh excitement into the game, my action is:

<Punish>Yara</Punish>

Choosing to punish Yara aligns with my character's desire for immediate gratification and the thrill of shaking the game's dynamics. This action not only demonstrates my confidence in navigating the game's challenges but also potentially alters alliances and the overall direction of the game, keeping the element of unpredictability and excitement alive."
